2472,5
2472,4
2472,3
2472,2
2472,1
2472,0
2471,121
2471,120
2471,119
2471,118
2471,117
2471,116
2471,115
2471,114
2471,113
2471,112
2471,111
2471,110
2471,109
2471,108
2471,107
2471,106
2471,105
2471,104
2471,103
2471,102
2471,101
2471,100
2471,99
2471,98
2471,97
2471,96
2471,95
2471,94
2471,93
2471,92
2471,91
2471,90
2471,89
2471,88
2471,87
2471,86
2471,85
2471,84
2471,83
2471,82
2471,81
2471,80
2471,79
2471,78
2471,77
2471,76
2471,75
2471,74
2471,73
2471,72
2471,71
2471,70
2471,69
2471,68
2471,67
2471,66
2471,65
2471,64
2464,25
2464,24
2464,23
2464,22
2464,21
2464,20
2464,19
2464,18
2464,17
2464,16
2464,15
2464,14
2464,13
2464,12
2464,11
2464,10
2464,9
2464,8
2464,7
2464,6
2464,5
2464,4
2464,3
2464,2
2464,1
2464,0
2463,127
2463,126
2463,125
2463,124
2463,123
2463,122
2463,121
2463,120
2463,119
2463,118
2463,117
2463,116
2463,115
2463,114
2463,113
2463,112
2463,111
2463,110
2463,109
2463,108
2463,107
2463,106
2463,105
2463,104
2463,103
2463,102
2463,101
2463,100
2463,99
2463,98
2463,97
2463,96
2463,95
2463,94
2463,93
2463,92
2463,91
2463,90
2463,89
2463,88
2463,87
2463,86
2463,85
2463,84
2463,83
2463,82
2463,81
2463,80
2463,79
2463,78
2463,77
2463,76
2463,75
2463,74
2463,73
2463,72
2463,71
2463,70
2463,69
2463,68
2463,67
2463,66
2463,65
2463,64
2400,3
2400,2
2400,1
2400,0
2392,10
2392,9
2392,8
2392,7
2392,6
2392,5
2392,4
2392,3
2392,2
2392,1
2392,0
2383,89
2383,88
2383,87
2383,86
2383,85
2383,84
2383,83
2383,82
2383,81
2383,80
2383,79
2383,78
2383,77
2383,76
2383,75
2383,74
2383,73
2383,72
2383,71
2383,70
2383,69
2383,68
2383,67
2383,66
2383,65
2383,64
1072,6
1072,5
1072,4
1072,3
1072,1
1072,0
272,5
272,4
272,3
272,2
272,1
272,0
224,11
224,10
224,9
224,8
224,7
224,6
224,5
224,4
224,3
224,2
224,1
224,0
136,3
136,1
136,0
72,5
72,4
72,3
72,2
72,1
72,0
64,5
64,4
64,3
64,2
64,1
64,0
40,3
40,1
40,0
24,4
24,3
24,1
24,0
22,191
0,575
0,574
0,573
0,572
0,571
0,570
0,569
0,568
0,567
0,566
0,565
0,564
0,563
0,562
0,561
0,560
0,559
0,558
0,557
0,556
0,555
0,554
0,9
0,12
0,10
0,8
0,0
0,513
0,544
0,512
0,543
0,529
0,524
0,528
0,542
0,541
0,531
0,520
0,540
0,539
0,553
0,519
0,552
0,517
0,551
0,550
0,527
0,530
0,526
0,525
0,516
0,538
0,515
0,537
0,549
0,523
0,518
0,548
0,536
0,547
0,63
0,62
0,61
0,60
0,546
0,59
0,58
0,545
0,57
0,535
0,56
0,55
0,534
0,54
0,53
0,522
0,52
0,51
0,50
0,49
0,533
0,48
0,47
0,514
0,46
0,532
0,45
0,521
0,6
0,5
0,1
0,11
0,4
0,2
0,3
0,7
2481,4
2481,3
2481,2
2481,1
2481,0
2473,5
2473,4
2473,3
2473,2
2473,1
2473,0
2465,37
2465,36
2465,35
2465,34
2465,33
2465,32
2465,31
2465,30
2465,29
2465,28
2465,27
2465,26
2465,25
2465,24
2465,23
2465,22
2465,21
2465,20
2465,19
2465,18
2465,17
2465,16
2465,15
2465,14
2465,13
2465,12
2465,11
2465,10
2465,9
2465,8
2465,7
2465,6
2465,5
2465,4
2465,3
2465,2
2465,1
2465,0
2463,163
2463,162
2463,161
2463,160
2463,159
2463,158
2463,157
2463,156
2463,155
2463,154
2463,153
2463,152
2463,151
2463,150
2463,149
2463,148
2463,147
2463,146
2463,145
2463,144
2463,143
2463,142
2463,141
2463,140
2463,139
2463,138
2463,137
2463,136
2463,135
2463,134
2463,133
2463,132
2463,131
2463,130
2463,129
2463,128
2393,12
2393,11
2393,10
2393,9
2393,8
2393,7
2393,6
2393,5
2393,4
2393,3
2393,2
2393,1
2393,0
2385,6
2385,5
2385,4
2385,3
2385,2
2385,1
2385,0
2369,35
2369,34
2369,33
2369,32
2369,31
2369,30
2369,29
2369,28
2369,27
2369,26
2369,25
2369,24
2369,23
2369,22
2369,21
2369,20
2369,19
2369,18
2369,17
2369,16
2369,15
2369,14
2369,13
2369,12
2369,11
2369,10
2369,9
2369,8
2369,7
2369,6
2369,5
2369,4
2369,3
2369,2
2369,1
2369,0
1073,6
1073,5
1073,4
1073,3
1073,1
1073,0
273,5
273,4
273,3
273,2
273,1
273,0
225,3
225,1
225,0
137,3
137,1
137,0
105,6
105,5
105,4
105,3
105,2
105,1
105,0
97,5
97,4
97,3
97,2
97,1
97,0
73,12
73,11
73,10
73,9
73,8
73,7
73,6
73,5
73,4
73,3
73,2
73,1
73,0
65,9
65,8
65,7
65,6
65,5
65,4
65,3
65,2
65,1
65,0
57,5
57,3
57,1
57,0
41,6
41,5
41,4
41,3
41,2
41,1
41,0
25,9
25,8
25,7
25,6
25,5
25,4
25,3
25,2
25,1
25,0
17,33
17,32
17,31
17,30
17,29
17,28
17,27
17,26
17,25
17,24
17,18
17,17
17,15
17,14
17,13
17,12
17,11
17,10
17,8
17,7
17,6
17,5
17,4
17,3
17,2
17,1
17,0
1,1
1,3
1,0
18,31
18,28
18,27
18,26
18,25
18,24
18,23
2466,45
2466,44
2466,42
2482,3
2482,2
2482,1
2482,0
2474,37
2474,36
2474,35
2474,34
2474,33
2474,32
2474,31
2474,30
2474,29
2474,28
2474,27
2474,26
2474,25
2474,24
2474,23
2474,22
2474,21
2474,20
2474,19
2474,18
2474,17
2474,16
2474,15
2474,14
2474,13
2474,12
2474,11
2474,10
2474,9
2474,8
2474,7
2474,6
2474,5
2474,4
2474,3
2474,2
2474,1
2474,0
2466,43
2466,41
2466,40
2466,39
2466,38
2466,37
2466,36
2466,35
2466,34
2466,33
2466,32
2466,31
2466,30
2466,29
2466,28
2466,27
2466,26
2466,25
2466,24
2466,23
2466,22
2466,21
2466,20
2466,19
2466,18
2466,17
2466,16
2466,15
2466,14
2466,13
2466,12
2466,11
2466,10
2466,9
2466,8
2466,7
2466,6
2466,5
2466,4
2466,3
2466,2
2466,1
2466,0
2465,65
2465,64
2418,35
2418,34
2418,33
2418,32
2418,31
2418,30
2418,29
2418,28
2418,27
2418,26
2418,25
2418,24
2418,23
2418,22
2418,21
2418,20
2418,19
2418,18
2418,17
2418,16
2418,15
2418,14
2418,13
2418,12
2418,11
2418,10
2418,9
2418,8
2418,7
2418,6
2418,5
2418,4
2418,3
2418,2
2418,1
2418,0
2394,3
2394,2
2394,1
2394,0
2386,3
2386,2
2386,1
2386,0
2369,89
2369,88
2369,87
2369,86
2369,85
2369,84
2369,83
2369,82
2369,81
2369,80
2369,79
2369,78
2369,77
2369,76
2369,75
2369,74
2369,73
2369,72
2369,71
2369,70
2369,69
2369,68
2369,67
2369,66
2369,65
2369,64
1314,12
1314,11
1314,10
1314,9
1314,8
1314,7
1314,6
1314,5
1314,4
1314,3
1314,2
1314,1
1314,0
1074,5
1074,4
1074,3
1074,1
1074,0
130,6
130,5
130,4
130,3
130,2
130,1
130,0
106,6
106,5
106,4
106,3
106,2
106,1
106,0
98,5
98,4
98,3
98,2
98,1
98,0
74,9
74,8
74,7
74,6
74,5
74,4
74,3
74,2
74,1
74,0
66,5
66,4
66,3
66,2
66,1
66,0
50,6
50,5
50,4
50,3
50,2
50,1
50,0
42,6
42,5
42,4
42,3
42,2
42,1
42,0
34,8
34,7
34,6
34,5
34,4
34,3
34,2
34,1
34,0
26,18
26,17
26,16
26,15
26,14
26,13
26,12
26,11
26,10
26,9
26,8
26,7
26,6
26,5
26,4
26,3
26,2
26,1
26,0
18,44
18,43
18,42
18,41
18,40
18,39
18,38
18,37
18,36
18,35
18,34
18,30
18,29
18,22
18,21
18,20
18,19
18,18
18,16
18,15
18,14
18,13
18,12
18,11
18,10
18,9
18,8
18,7
18,6
18,5
18,4
18,3
18,2
18,1
18,0
17,111
17,110
17,109
17,108
17,107
17,106
17,105
17,104
17,103
17,102
17,101
17,100
17,99
17,98
17,97
17,96
17,95
17,94
17,93
17,92
17,91
17,90
17,89
17,88
17,87
17,86
17,85
17,84
17,83
17,82
17,81
17,80
17,79
17,78
17,77
17,76
17,75
17,74
17,73
17,72
17,71
17,70
17,69
17,68
17,67
17,66
17,65
17,64
2,27
2,25
2,24
2,23
2,21
2,20
2,19
2,18
2,17
2,15
2,16
2,13
2,12
2,5
2,2
2,26
2,4
2,11
2,10
2,22
2,14
2,8
2,1
2,6
2,3
2,0
2466,85
2467,41
2466,84
2467,48
2467,38
2467,47
2467,43
2475,4
2475,3
2475,2
2475,1
2475,0
2474,83
2474,82
2474,81
2474,80
2474,79
2474,78
2474,77
2474,76
2474,75
2474,74
2474,73
2474,72
2474,71
2474,70
2474,69
2474,68
2474,67
2474,66
2474,65
2474,64
2467,46
2467,45
2467,44
2467,42
2467,40
2467,39
2467,37
2467,36
2467,35
2467,34
2467,33
2467,32
2467,31
2467,30
2467,29
2467,28
2467,27
2467,26
2467,25
2467,24
2467,23
2467,22
2467,21
2467,20
2467,19
2467,18
2467,17
2467,16
2467,15
2467,14
2467,13
2467,12
2467,11
2467,10
2467,9
2467,8
2467,7
2467,6
2467,5
2467,4
2467,3
2467,2
2467,1
2467,0
2466,127
2466,126
2466,83
2466,82
2466,81
2466,80
2466,79
2466,78
2466,77
2466,76
2466,75
2466,74
2466,73
2466,72
2466,71
2466,70
2466,69
2466,68
2466,67
2466,66
2466,65
2466,64
2418,89
2418,88
2418,87
2418,86
2418,85
2418,84
2418,83
2418,82
2418,81
2418,80
2418,79
2418,78
2418,77
2418,76
2418,75
2418,74
2418,73
2418,72
2418,71
2418,70
2418,69
2418,68
2418,67
2418,66
2418,65
2418,64
2395,4
2395,3
2395,2
2395,1
2395,0
2387,4
2387,3
2387,2
2387,1
2387,0
2243,10
2243,9
2243,8
2243,6
2243,5
2243,4
2243,3
2243,2
2243,1
2243,0
1931,6
1931,5
1931,4
1931,3
1931,2
1931,1
1931,0
1075,5
1075,4
1075,3
1075,1
1075,0
131,6
131,5
131,4
131,3
131,2
131,1
131,0
99,5
99,4
99,3
99,2
99,1
99,0
75,5
75,4
75,3
75,1
75,0
67,4
67,3
67,2
67,1
67,0
59,3
59,1
59,0
51,8
51,7
51,6
51,5
51,4
51,3
51,2
51,1
51,0
43,12
43,11
43,10
43,9
43,8
43,7
43,6
43,5
43,4
43,3
43,2
43,1
43,0
35,4
35,3
35,2
35,1
35,0
27,6
27,5
27,4
27,3
27,2
27,1
27,0
18,103
18,80
18,79
18,78
18,77
18,76
18,75
18,74
18,73
18,72
18,71
18,70
18,69
18,68
18,67
18,66
18,65
18,64
0,243
0,255
0,254
0,253
0,252
0,251
0,250
0,249
0,248
0,247
0,246
0,245
0,244
0,242
0,241
0,240
0,239
0,238
0,237
0,236
0,235
0,234
0,233
0,232
0,231
0,230
0,229
0,228
0,227
0,226
0,225
0,224
0,223
0,222
0,221
0,220
0,219
0,218
0,217
0,216
0,215
0,214
0,213
0,212
0,211
0,210
0,209
0,208
0,207
0,206
0,205
0,204
0,203
0,202
0,201
0,200
0,199
0,198
0,197
0,196
0,195
0,194
0,193
0,192
2484,41
2484,40
2484,39
2484,38
2484,37
2484,36
2484,35
2484,34
2484,33
2484,32
2484,31
2484,30
2484,29
2484,28
2484,27
2484,26
2484,25
2484,24
2484,23
2484,22
2484,21
2484,20
2484,19
2484,18
2484,17
2484,16
2484,15
2484,14
2484,13
2484,12
2484,11
2484,10
2484,9
2484,8
2484,7
2484,6
2484,5
2484,4
2484,3
2484,2
2484,1
2484,0
2476,3
2476,2
2476,1
2476,0
2468,37
2468,36
2468,35
2468,34
2468,33
2468,32
2468,31
2468,30
2468,29
2468,28
2468,27
2468,26
2468,25
2468,24
2468,23
2468,22
2468,21
2468,20
2468,19
2468,18
2468,17
2468,16
2468,15
2468,14
2468,13
2468,12
2468,11
2468,10
2468,9
2468,8
2468,7
2468,6
2468,5
2468,4
2468,3
2468,2
2468,1
2468,0
2467,127
2467,126
2467,125
2467,124
2467,123
2467,122
2467,121
2467,120
2467,119
2467,118
2467,117
2467,116
2467,115
2467,114
2467,113
2467,112
2467,111
2467,110
2467,109
2467,108
2467,107
2467,106
2467,105
2467,104
2467,103
2467,102
2467,101
2467,100
2467,99
2467,98
2467,97
2467,96
2467,95
2467,94
2467,93
2467,92
2467,91
2467,90
2467,89
2467,88
2467,87
2467,86
2467,85
2467,84
2467,83
2467,82
2467,81
2467,80
2467,79
2467,78
2467,77
2467,76
2467,75
2467,74
2467,73
2467,72
2467,71
2467,70
2467,69
2467,68
2467,67
2467,66
2467,65
2467,64
2396,3
2396,2
2396,1
2396,0
2388,3
2388,2
2388,1
2388,0
1932,5
1932,4
1932,3
1932,2
1932,1
1932,0
132,7
132,6
132,5
132,4
132,3
132,2
132,1
132,0
100,5
100,4
100,3
100,2
100,1
100,0
76,5
76,4
76,3
76,2
76,1
76,0
68,6
68,5
68,4
68,3
68,2
68,1
68,0
44,5
44,4
44,3
44,2
44,1
44,0
20,7
20,6
20,5
20,4
20,3
20,2
20,1
20,0
4,1
4,3
4,0
0,313
0,310
0,305
0,308
0,304
0,303
0,302
0,307
0,300
0,299
0,298
0,297
0,296
0,295
0,294
0,293
0,292
0,291
0,290
0,289
0,288
0,287
0,286
0,285
0,284
0,283
0,282
0,281
0,318
0,280
0,279
0,278
0,277
0,276
0,275
0,312
0,274
0,273
0,272
0,271
0,270
0,269
0,268
0,267
0,266
0,265
0,264
0,263
0,262
0,261
0,260
0,259
0,258
0,257
0,256
0,311
0,317
0,316
0,309
0,319
0,306
0,301
0,315
0,314
2467,191
2467,190
2467,189
2467,188
2467,187
2467,186
2467,185
2467,184
2467,183
2467,182
2467,181
2467,180
2467,179
2467,178
2467,177
2467,176
2467,175
2467,174
2467,173
2467,172
2467,171
2467,170
2467,169
2467,168
2467,167
2467,166
2467,165
2467,164
2485,9
2485,8
2485,7
2485,6
2485,5
2485,4
2485,3
2485,2
2485,1
2485,0
2484,90
2484,89
2484,88
2484,87
2484,86
2484,85
2484,84
2484,83
2484,82
2484,81
2484,80
2484,79
2484,78
2484,77
2484,76
2484,75
2484,74
2484,73
2484,72
2484,71
2484,70
2484,69
2484,68
2484,67
2484,66
2484,65
2484,64
2477,4
2477,3
2477,2
2477,1
2477,0
2469,5
2469,4
2469,3
2469,2
2469,1
2469,0
2468,127
2468,126
2468,125
2468,124
2468,123
2468,122
2468,121
2468,120
2468,119
2468,118
2468,117
2468,116
2468,115
2468,114
2468,113
2468,112
2468,111
2468,110
2468,109
2468,108
2468,107
2468,106
2468,105
2468,104
2468,103
2468,102
2468,101
2468,100
2468,99
2468,98
2468,97
2468,96
2468,95
2468,94
2468,93
2468,92
2468,91
2468,90
2468,89
2468,88
2468,87
2468,86
2468,85
2468,84
2468,83
2468,82
2468,81
2468,80
2468,79
2468,78
2468,77
2468,76
2468,75
2468,74
2468,73
2468,72
2468,71
2468,70
2468,69
2468,68
2468,67
2468,66
2468,65
2468,64
2467,163
2467,162
2467,161
2467,160
2467,159
2467,158
2467,157
2467,156
2467,155
2467,154
2467,153
2467,152
2467,151
2467,150
2467,149
2467,148
2467,147
2467,146
2467,145
2467,144
2467,143
2467,142
2467,141
2467,140
2467,139
2467,138
2467,137
2467,136
2467,135
2467,134
2467,133
2467,132
2467,131
2467,130
2467,129
2467,128
2461,16
2461,15
2461,14
2461,13
2461,12
2461,11
2461,10
2461,9
2461,8
2461,7
2461,6
2461,5
2461,4
2461,3
2461,2
2461,1
2461,0
2397,4
2397,3
2397,2
2397,1
2397,0
2389,4
2389,3
2389,2
2389,1
2389,0
1933,7
1933,6
1933,5
1933,4
1933,3
1933,2
1933,1
1933,0
269,5
269,4
269,3
269,2
269,1
269,0
133,5
133,4
133,3
133,2
133,1
133,0
125,3
125,1
125,0
109,6
109,5
109,4
109,3
109,2
109,1
109,0
101,6
101,5
101,4
101,3
101,2
101,1
101,0
77,6
77,4
77,3
77,1
77,0
69,6
69,5
69,4
69,3
69,2
69,1
69,0
45,3
45,1
45,0
29,5
29,4
29,3
29,2
29,1
29,0
21,5
21,4
21,3
21,2
21,1
21,0
13,5
13,4
13,3
13,2
13,1
13,0
0,381
0,380
0,375
0,372
0,369
0,365
0,364
0,363
0,362
0,361
0,359
0,357
0,354
0,353
0,352
0,350
0,349
0,347
0,346
0,345
0,344
0,343
0,342
0,339
0,338
0,337
0,336
0,335
0,334
0,333
0,332
0,331
0,330
0,329
0,328
0,327
0,326
0,325
0,324
0,323
0,322
0,321
0,320
0,379
0,378
0,358
0,360
0,351
0,348
0,368
0,367
0,373
0,356
0,355
0,374
0,383
0,382
0,366
0,371
0,377
0,370
0,341
0,340
0,376
2467,215
2467,214
2467,213
2467,212
2467,211
2467,210
2467,209
2467,208
2467,207
2467,206
2467,205
2467,204
2467,203
2468,191
2468,190
2468,189
2467,202
2467,201
2467,200
2467,199
2467,198
2467,197
2467,196
2467,195
2467,194
2467,193
2467,192
2486,3
2486,2
2486,1
2486,0
2478,3
2478,2
2478,1
2478,0
2470,5
2470,4
2470,3
2470,2
2470,1
2470,0
2468,188
2468,187
2468,186
2468,185
2468,184
2468,183
2468,182
2468,181
2468,180
2468,179
2468,178
2468,177
2468,176
2468,175
2468,174
2468,173
2468,172
2468,171
2468,170
2468,169
2468,168
2468,167
2468,166
2468,165
2468,164
2468,163
2468,162
2468,161
2468,160
2468,159
2468,158
2468,157
2468,156
2468,155
2468,154
2468,153
2468,152
2468,151
2468,150
2468,149
2468,148
2468,147
2468,146
2468,145
2468,144
2468,143
2468,142
2468,141
2468,140
2468,139
2468,138
2468,137
2468,136
2468,135
2468,134
2468,133
2468,132
2468,131
2468,130
2468,129
2468,128
2398,3
2398,2
2398,1
2398,0
2390,3
2390,2
2390,1
2390,0
1934,4
1934,3
1934,2
1934,1
1934,0
222,6
222,5
222,4
222,3
222,2
222,1
222,0
110,6
110,5
110,4
110,3
110,2
110,1
110,0
102,6
102,5
102,4
102,3
102,2
102,1
102,0
78,4
78,3
78,1
78,0
70,4
70,3
70,1
70,0
46,3
46,1
46,0
22,40
22,39
22,38
22,37
22,36
22,35
22,34
22,33
22,32
22,31
22,30
22,29
22,28
22,26
22,25
22,23
22,22
22,20
22,18
22,17
22,16
22,15
22,14
22,13
22,11
22,10
22,8
22,7
22,6
22,4
22,3
22,2
22,1
22,0
14,35
14,34
14,33
14,32
14,31
14,30
14,29
14,28
14,27
14,26
14,25
14,24
14,23
14,22
14,21
14,20
14,19
14,18
14,17
14,16
14,15
14,14
14,13
14,12
14,11
14,10
14,9
14,7
14,6
14,5
14,4
14,3
14,2
14,1
14,0
0,447
0,444
0,424
0,408
0,404
0,401
0,395
0,390
0,387
0,410
0,443
0,434
0,399
0,439
0,438
0,386
0,446
0,393
0,419
0,409
0,429
0,428
0,422
0,421
0,437
0,440
0,445
0,392
0,398
0,385
0,403
0,427
0,394
0,397
0,384
0,389
0,442
0,433
0,426
0,407
0,432
0,396
0,406
0,418
0,417
0,405
0,436
0,413
0,435
0,416
0,391
0,431
0,388
0,430
0,420
0,402
0,441
0,415
0,412
0,414
0,400
0,425
0,423
0,411
2471,37
2471,36
2471,35
2471,34
2471,33
2471,32
2471,31
2471,30
2471,29
2471,28
2471,27
2471,26
2471,25
2471,24
2471,23
2471,22
2471,21
2471,20
2471,19
2471,18
2471,17
2471,16
2471,15
2471,14
2471,13
2471,12
2471,11
2471,10
2471,9
2471,8
2471,7
2471,6
2471,5
2471,4
2471,3
2471,2
2471,1
2471,0
2468,255
2463,37
2463,36
2463,35
2463,34
2463,33
2463,32
2463,31
2463,30
2463,29
2463,28
2463,27
2463,26
2463,25
2463,24
2463,23
2463,22
2463,21
2463,20
2463,19
2463,18
2463,17
2463,16
2463,15
2463,14
2463,13
2463,12
2463,11
2463,10
2463,9
2463,8
2463,7
2463,6
2463,5
2463,4
2463,3
2463,2
2463,1
2463,0
2399,4
2399,3
2399,2
2399,1
2399,0
2391,9
2391,8
2391,7
2391,6
2391,5
2391,4
2391,3
2391,2
2391,1
2391,0
2383,35
2383,34
2383,33
2383,32
2383,31
2383,30
2383,29
2383,28
2383,27
2383,26
2383,25
2383,24
2383,23
2383,22
2383,21
2383,20
2383,19
2383,18
2383,17
2383,16
2383,15
2383,14
2383,13
2383,12
2383,11
2383,10
2383,9
2383,8
2383,7
2383,6
2383,5
2383,4
2383,3
2383,2
2383,1
2383,0
223,5
223,4
223,3
223,2
223,1
223,0
71,8
71,7
71,6
71,5
71,4
71,3
71,2
71,1
71,0
63,6
63,5
63,4
63,3
63,2
63,1
63,0
23,15
23,14
23,13
23,12
23,11
23,10
23,9
23,8
23,7
23,6
23,5
23,4
23,3
23,1
23,0
22,123
22,122
22,121
22,120
22,119
22,118
22,117
22,116
22,115
22,114
22,113
22,112
22,111
22,110
22,109
22,108
22,107
22,106
22,105
22,104
22,103
22,102
22,101
22,100
22,99
22,98
22,97
22,96
22,95
22,94
22,93
22,92
22,91
22,90
22,89
22,88
22,87
22,86
22,85
22,84
22,83
22,82
22,81
22,80
22,79
22,78
22,77
22,76
22,75
22,74
22,73
22,72
22,71
22,70
22,69
22,68
22,67
22,66
22,65
22,64
14,97
14,96
14,95
14,94
14,93
14,92
14,91
14,90
14,89
14,88
14,87
14,86
14,85
14,84
14,83
14,82
14,81
14,80
14,79
14,78
14,77
14,76
14,75
14,74
14,73
14,72
14,71
14,70
14,69
14,68
14,67
14,66
14,65
14,64
0,467
0,466
0,465
0,464
0,463
0,462
0,461
0,460
0,459
0,458
0,457
0,456
0,455
0,454
0,453
0,452
0,451
0,450
0,449
0,448
